#Type#NoLimit
#Range0#AA:0.1,KK:0.1,QQ:0.1,JJ:0.1,TT:0.3,99:0.5,88:0.5,77:0.9,66,55,44,33,22:0.9,AK:0.1,AQs:0.1,AQo:0.5,AJs:0.5,AJo:0.8,ATs:0.8,ATo,A9,A8,A7,A6,A5,A4,A3,A2,KQs:0.5,KQo:0.8,KJs:0.5,KJo,KTs:0.8,KTo,K9,K8,K7s,K6s,K5s,K4s,K3s,K2s,QJs:0.8,QJo,QTs:0.8,QTo,Q9s:0.9,Q9o,Q8,Q7s,Q6s,Q5s,Q4s,Q3s,Q2s:0.9,JTs:0.8,JTo,J9s:0.8,J9o,J8s:0.9,J7s,J6s,J5s,J4s:0.9,J3s:0.9,T9s:0.8,T9o,T8s:0.8,T8o,T7s:0.9,T6s,T5s:0.9,98s:0.8,98o,97s:0.8,97o,96s:0.9,95s:0.9,87s:0.8,87o,86s:0.8,85s:0.8,84s:0.9,76s:0.8,75s:0.8,74s:0.8,65s:0.8,64s:0.8,63s:0.8,54s:0.8,53s:0.8,43s:0.8
#Range1#AA,KK,QQ,JJ,TT,99,88,77,66,55,44,33,22,AK,AQ,AJ,AT,A9,A8,A7,A6,A5,A4,A3s,A3o:0.5,A2s,A2o:0.5,KQ,KJ,KT,K9,K8,K7s,K7o:0.3,K6s,K5s,K4s,K3s,K2s,QJ,QT,Q9,Q8s,Q7s,Q6s,Q5s,Q4s,Q3s,Q2s:0.5,JT,J9,J8s,J7s,J6s,J5s:0.3,J4s:0.3,T9,T8,T7s,T6s:0.3,98,97s,96s,95s:0.3,87s,87o:0.3,86s,85s,84s:0.3,76s,75s,74s:0.5,65s,64s,63s:0.5,54s,53s,43s
#Board#Qh Qc 2c
#Pot#40
#EffectiveStacks#230
#AllinThreshold#67
#AddAllinOnlyIfLessThanThisTimesThePot#300
#FlopConfig.BetSize#30,60
#FlopConfig.RaiseSize#40
#FlopConfig.DonkBetSize#30,60
#TurnConfig.BetSize#30,60
#TurnConfig.RaiseSize#40
#TurnConfig.DonkBetSize#30,60
#RiverConfig.BetSize#65
#RiverConfig.RaiseSize#40
#RiverConfig.AddAllin#True
#RiverConfig.DonkBetSize#65
#FlopConfigIP.BetSize#30,60
#FlopConfigIP.RaiseSize#40
#TurnConfigIP.BetSize#30,60
#TurnConfigIP.RaiseSize#40
#RiverConfigIP.BetSize#65
#RiverConfigIP.RaiseSize#40
#RiverConfigIP.AddAllin#True
set_range OOP 0.9 0.9 0.9 0.9 0.9 0.9 0 0 0 0 0 0 0 0 1 0 0 0 0 1 1 0 0 0 0 1 1 1 0 0 0 0 0.8 0 0 0 0 0 0 0 0 0.8 0 0 1 0 0 0 0 0 0 0.8 0 1 1 0 0 0 0 0 0 0 0.8 1 1 1 0 0 0 0 0.8 0 0 0 0.8 0 0 0 0 0 0 0 0 0.8 0 0 0 0.8 0 0 1 0 0 0 0 0 0 0.8 0 0 0 0.8 0 1 1 0 0 0 0 0 0 0 0.8 0 0 0 0.8 1 1 1 0 0 0 0 0.8 0 0 0 0.8 0 0 0 0.8 0 0 0 0 0 0 0 0 0.8 0 0 0 0.8 0 0 0 0.8 0 0 1 0 0 0 0 0 0 0.8 0 0 0 0.8 0 0 0 0.8 0 1 1 0 0 0 0 0 0 0 0.8 0 0 0 0.8 0 0 0 0.8 1 1 1 0 0 0 0 0 0 0 0 0.8 0 0 0 0.8 0 0 0 0.8 0 0 0 0 0 0 0 0 0 0 0 0 0.8 0 0 0 0.8 0 0 0 0.8 0 0 0.9 0 0 0 0 0 0 0 0 0 0 0.8 0 0 0 0.8 0 0 0 0.8 0 0.9 0.9 0 0 0 0 0 0 0 0 0 0 0 0.8 0 0 0 0.8 0 0 0 0.8 0.9 0.9 0.9 0 0 0 0 0 0 0 0 0.9 0 0 0 0.8 0 0 0 0.8 0 0 0 0.8 1 1 1 0 0 0 0 0 0 0 0 0 0.9 0 0 0 0.8 0 0 0 0.8 0 0 1 0.8 1 1 0.5 0 0 0 0 0 0 0 0 0 0 0.9 0 0 0 0.8 0 0 0 0.8 0 1 1 0.8 1 0.5 0.5 0 0 0 0 0 0 0 0 0 0 0 0.9 0 0 0 0.8 0 0 0 0.8 1 1 1 0.8 0.5 0.5 0.5 0 0 0 0 0 0 0 0 0 0 0 0 0.9 0 0 0 0.9 0 0 0 0.8 1 1 1 0.8 1 1 1 0 0 0 0 0 0 0 0 0 0 0 0 0 0.9 0 0 0 0.9 0 0 1 0.8 1 1 1 0.8 1 1 0.5 0 0 0 0 0 0 0 0 0 0 0 0 0 0 0.9 0 0 0 0.9 0 1 1 0.8 1 1 1 0.8 1 0.5 0.5 0 0 0 0 0 0 0 0 0 0 0 0 0 0 0 0.9 0 0 0 0.9 1 1 1 0.8 1 1 1 0.8 0.5 0.5 0.5 0 0 0 0 0 0 0 0 0 0 0 0 0.9 0 0 0 1 0 0 0 0.9 0 0 0 0.8 1 1 1 0.8 1 1 1 0 0 0 0 0 0 0 0 0 0 0 0 0 0.9 0 0 0 1 0 0 0 0.9 0 0 1 0.8 1 1 1 0.8 1 1 0.3 0 0 0 0 0 0 0 0 0 0 0 0 0 0 0.9 0 0 0 1 0 0 0 0.9 0 1 1 0.8 1 1 1 0.8 1 0.3 0.3 0 0 0 0 0 0 0 0 0 0 0 0 0 0 0 0.9 0 0 0 1 0 0 0 0.9 1 1 1 0.8 1 1 1 0.8 0.3 0.3 0.3 0 0 0 0 0.9 0 0 0 0.9 0 0 0 1 0 0 0 1 0 0 0 1 0 0 0 0.9 0 0 0 0.8 1 1 1 0.8 1 1 1 0 0 0 0 0 0.9 0 0 0 0.9 0 0 0 1 0 0 0 1 0 0 0 1 0 0 0 0.9 0 0 1 0.8 1 1 1 0.8 1 1 0.1 0 0 0 0 0 0 0.9 0 0 0 0.9 0 0 0 1 0 0 0 1 0 0 0 1 0 0 0 0.9 0 1 1 0.8 1 1 1 0.8 1 0.1 0.1 0 0 0 0 0 0 0 0.9 0 0 0 0.9 0 0 0 1 0 0 0 1 0 0 0 1 0 0 0 0.9 1 1 1 0.8 1 1 1 0.8 0.1 0.1 0.1 0.9 0 0 0 1 0 0 0 1 0 0 0 1 0 0 0 1 0 0 0 1 0 0 0 1 1 1 1 0.9 1 1 1 0.8 1 1 1 0.8 1 1 1 0 0.9 0 0 0 1 0 0 0 1 0 0 0 1 0 0 0 1 0 0 0 1 0 0 1 1 1 1 1 0.9 1 1 1 0.8 1 1 1 0.8 1 1 0.1 0 0 0.9 0 0 0 1 0 0 0 1 0 0 0 1 0 0 0 1 0 0 0 1 0 1 1 1 1 1 1 0.9 1 1 1 0.8 1 1 1 0.8 1 0.1 0.1 0 0 0 0.9 0 0 0 1 0 0 0 1 0 0 0 1 0 0 0 1 0 0 0 1 1 1 1 1 1 1 1 0.9 1 1 1 0.8 1 1 1 0.8 0.1 0.1 0.1 1 0 0 0 1 0 0 0 1 0 0 0 1 0 0 0 1 0 0 0 1 0 0 0 1 1 1 1 1 1 1 1 0.8 1 1 1 0.5 1 1 1 0.5 0.8 0.8 0.8 0 1 0 0 0 1 0 0 0 1 0 0 0 1 0 0 0 1 0 0 0 1 0 0 1 1 1 1 1 1 1 1 1 0.8 1 1 1 0.5 1 1 0.8 0.5 0.8 0.8 0.1 0 0 1 0 0 0 1 0 0 0 1 0 0 0 1 0 0 0 1 0 0 0 1 0 1 1 1 1 1 1 1 1 1 1 0.8 1 1 1 0.5 1 0.8 0.8 0.5 0.8 0.1 0.1 0 0 0 1 0 0 0 1 0 0 0 1 0 0 0 1 0 0 0 1 0 0 0 1 1 1 1 1 1 1 1 1 1 1 1 0.8 1 1 1 0.5 0.8 0.8 0.8 0.5 0.1 0.1 0.1 1 1 1 1 1 1 1 1 1 1 1 1 1 1 1 1 1 1 1 1 1 1 1 1 1 1 1 1 1 1 1 1 0.8 1 1 1 0.5 0.8 0.8 0.8 0.1 0.5 0.5 0.5 0.1 0.1 0.1 0.1 1 1 1 1 1 1 1 1 1 1 1 1 1 1 1 1 1 1 1 1 1 1 1 1 1 1 1 1 1 1 1 1 1 0.8 1 1 0.8 0.5 0.8 0.8 0.5 0.1 0.5 0.5 0.1 0.1 0.1 0.1 0.1 1 1 1 1 1 1 1 1 1 1 1 1 1 1 1 1 1 1 1 1 1 1 1 1 1 1 1 1 1 1 1 1 1 1 0.8 1 0.8 0.8 0.5 0.8 0.5 0.5 0.1 0.5 0.1 0.1 0.1 0.1 0.1 0.1 1 1 1 1 1 1 1 1 1 1 1 1 1 1 1 1 1 1 1 1 1 1 1 1 1 1 1 1 1 1 1 1 1 1 1 0.8 0.8 0.8 0.8 0.5 0.5 0.5 0.5 0.1 0.1 0.1 0.1 0.1 0.1 0.1 0.1
set_range IP 1 1 1 1 1 1 0 0 0 0 0 0 0 0 1 0 0 0 0 1 1 0 0 0 0 1 1 1 0 0 0 0 1 0 0 0 0 0 0 0 0 1 0 0 1 0 0 0 0 0 0 1 0 1 1 0 0 0 0 0 0 0 1 1 1 1 0 0 0 0 1 0 0 0 1 0 0 0 0 0 0 0 0 1 0 0 0 1 0 0 1 0 0 0 0 0 0 1 0 0 0 1 0 1 1 0 0 0 0 0 0 0 1 0 0 0 1 1 1 1 0 0 0 0 0.5 0 0 0 1 0 0 0 1 0 0 0 0 0 0 0 0 0.5 0 0 0 1 0 0 0 1 0 0 1 0 0 0 0 0 0 0.5 0 0 0 1 0 0 0 1 0 1 1 0 0 0 0 0 0 0 0.5 0 0 0 1 0 0 0 1 1 1 1 0 0 0 0 0 0 0 0 0.5 0 0 0 1 0 0 0 1 0 0 0 0 0 0 0 0 0 0 0 0 0.5 0 0 0 1 0 0 0 1 0 0 1 0 0 0 0 0 0 0 0 0 0 0.5 0 0 0 1 0 0 0 1 0 1 1 0 0 0 0 0 0 0 0 0 0 0 0.5 0 0 0 1 0 0 0 1 1 1 1 0 0 0 0 0 0 0 0 0.3 0 0 0 1 0 0 0 1 0 0 0 1 0.3 0.3 0.3 0 0 0 0 0 0 0 0 0 0.3 0 0 0 1 0 0 0 1 0 0 0.3 1 0.3 0.3 1 0 0 0 0 0 0 0 0 0 0 0.3 0 0 0 1 0 0 0 1 0 0.3 0.3 1 0.3 1 1 0 0 0 0 0 0 0 0 0 0 0 0.3 0 0 0 1 0 0 0 1 0.3 0.3 0.3 1 1 1 1 0 0 0 0 0 0 0 0 0 0 0 0 0.3 0 0 0 1 0 0 0 1 0 0 0 1 1 1 1 0 0 0 0 0 0 0 0 0 0 0 0 0 0.3 0 0 0 1 0 0 0 1 0 0 1 1 1 1 1 0 0 0 0 0 0 0 0 0 0 0 0 0 0 0.3 0 0 0 1 0 0 0 1 0 1 1 1 1 1 1 0 0 0 0 0 0 0 0 0 0 0 0 0 0 0 0.3 0 0 0 1 0 0 0 1 1 1 1 1 1 1 1 0 0 0 0 0 0 0 0 0 0 0 0 0 0 0 0 0.3 0 0 0 1 0 0 0 1 1 1 1 1 1 1 1 0 0 0 0 0 0 0 0 0 0 0 0 0 0 0 0 0 0.3 0 0 0 1 0 0 1 1 1 1 1 1 1 1 1 0 0 0 0 0 0 0 0 0 0 0 0 0 0 0 0 0 0 0.3 0 0 0 1 0 1 1 1 1 1 1 1 1 1 1 0 0 0 0 0 0 0 0 0 0 0 0 0 0 0 0 0 0 0 0.3 0 0 0 1 1 1 1 1 1 1 1 1 1 1 1 0 0 0 0 0 0 0 0 0.3 0 0 0 0.3 0 0 0 1 0 0 0 1 0 0 0 1 0 0 0 1 1 1 1 1 1 1 1 0 0 0 0 0 0 0 0 0 0.3 0 0 0 0.3 0 0 0 1 0 0 0 1 0 0 0 1 0 0 1 1 1 1 1 1 1 1 1 0 0 0 0 0 0 0 0 0 0 0.3 0 0 0 0.3 0 0 0 1 0 0 0 1 0 0 0 1 0 1 1 1 1 1 1 1 1 1 1 0 0 0 0 0 0 0 0 0 0 0 0.3 0 0 0 0.3 0 0 0 1 0 0 0 1 0 0 0 1 1 1 1 1 1 1 1 1 1 1 1 0.5 0 0 0 1 0 0 0 1 0 0 0 1 0 0 0 1 0 0 0 1 0 0 0 1 0 0 0 1 1 1 1 1 1 1 1 1 1 1 1 0 0.5 0 0 0 1 0 0 0 1 0 0 0 1 0 0 0 1 0 0 0 1 0 0 0 1 0 0 1 1 1 1 1 1 1 1 1 1 1 1 1 0 0 0.5 0 0 0 1 0 0 0 1 0 0 0 1 0 0 0 1 0 0 0 1 0 0 0 1 0 1 1 1 1 1 1 1 1 1 1 1 1 1 1 0 0 0 0.5 0 0 0 1 0 0 0 1 0 0 0 1 0 0 0 1 0 0 0 1 0 0 0 1 1 1 1 1 1 1 1 1 1 1 1 1 1 1 1 1 0 0 0 1 0 0 0 1 0 0 0 1 0 0 0 1 0 0 0 1 0.3 0.3 0.3 1 1 1 1 1 1 1 1 1 1 1 1 1 1 1 1 1 1 1 1 0 1 0 0 0 1 0 0 0 1 0 0 0 1 0 0 0 1 0 0 0.3 1 0.3 0.3 1 1 1 1 1 1 1 1 1 1 1 1 1 1 1 1 1 1 1 1 1 0 0 1 0 0 0 1 0 0 0 1 0 0 0 1 0 0 0 1 0 0.3 0.3 1 0.3 1 1 1 1 1 1 1 1 1 1 1 1 1 1 1 1 1 1 1 1 1 1 0 0 0 1 0 0 0 1 0 0 0 1 0 0 0 1 0 0 0 1 0.3 0.3 0.3 1 1 1 1 1 1 1 1 1 1 1 1 1 1 1 1 1 1 1 1 1 1 1 1 1 0.5 0.5 0.5 1 0.5 0.5 0.5 1 1 1 1 1 1 1 1 1 1 1 1 1 1 1 1 1 1 1 1 1 1 1 1 1 1 1 1 1 1 1 1 1 1 1 1 1 1 1 1 0.5 1 0.5 0.5 0.5 1 0.5 0.5 1 1 1 1 1 1 1 1 1 1 1 1 1 1 1 1 1 1 1 1 1 1 1 1 1 1 1 1 1 1 1 1 1 1 1 1 1 1 1 1 1 0.5 0.5 1 0.5 0.5 0.5 1 0.5 1 1 1 1 1 1 1 1 1 1 1 1 1 1 1 1 1 1 1 1 1 1 1 1 1 1 1 1 1 1 1 1 1 1 1 1 1 1 1 1 1 1 0.5 0.5 0.5 1 0.5 0.5 0.5 1 1 1 1 1 1 1 1 1 1 1 1 1 1 1 1 1 1 1 1 1 1 1 1 1 1 1 1 1 1 1 1 1 1 1 1 1 1 1 1 1 1 1 1
set_board QhQc2c
set_eff_stack 230
set_isomorphism 1 0
set_pot 0 0 40
clear_lines 
add_line 0 0 0 0 0 26 230
add_line 0 0 0 0 0 26 63 129 230
add_line 0 0 0 0 0 26 63 230
add_line 0 0 0 0 26 230
add_line 0 0 0 0 26 63 129 230
add_line 0 0 0 0 26 63 230
add_line 0 0 0 12 12 12 54 113 230
add_line 0 0 0 12 12 12 54 230
add_line 0 0 0 12 12 54 113 230
add_line 0 0 0 12 12 54 230
add_line 0 0 0 12 38 38 113 230
add_line 0 0 0 12 38 38 230
add_line 0 0 0 12 38 38 38 113 230
add_line 0 0 0 12 38 38 38 230
add_line 0 0 0 12 38 84 230
add_line 0 0 0 12 38 84 84 230
add_line 0 0 0 12 38 84 84 84 230
add_line 0 0 0 24 24 230
add_line 0 0 0 24 24 24 230
add_line 0 0 0 24 24 24 81 230
add_line 0 0 0 24 24 81 230
add_line 0 0 0 24 59 122 122 122 230
add_line 0 0 0 24 59 122 122 230
add_line 0 0 0 24 59 122 230
add_line 0 0 0 24 59 59 230
add_line 0 0 0 24 59 59 59 230
add_line 0 0 12 12 12 54 113 230
add_line 0 0 12 12 12 54 230
add_line 0 0 12 12 54 113 230
add_line 0 0 12 12 54 230
add_line 0 0 12 38 38 113 230
add_line 0 0 12 38 38 230
add_line 0 0 12 38 38 38 113 230
add_line 0 0 12 38 38 38 230
add_line 0 0 12 38 84 230
add_line 0 0 12 38 84 84 230
add_line 0 0 12 38 84 84 84 230
add_line 0 0 24 24 230
add_line 0 0 24 24 24 230
add_line 0 0 24 24 24 81 230
add_line 0 0 24 24 81 230
add_line 0 0 24 59 122 122 122 230
add_line 0 0 24 59 122 122 230
add_line 0 0 24 59 122 230
add_line 0 0 24 59 59 230
add_line 0 0 24 59 59 59 230
add_line 0 12 12 12 12 12 54 113 230
add_line 0 12 12 12 12 12 54 230
add_line 0 12 12 12 12 54 113 230
add_line 0 12 12 12 12 54 230
add_line 0 12 12 12 31 31 230
add_line 0 12 12 12 31 31 31 230
add_line 0 12 12 12 31 31 31 97 230
add_line 0 12 12 12 31 31 97 230
add_line 0 12 12 12 31 72 146 146 146 230
add_line 0 12 12 12 31 72 146 146 230
add_line 0 12 12 12 31 72 146 230
add_line 0 12 12 12 31 72 72 230
add_line 0 12 12 12 31 72 72 72 230
add_line 0 12 12 12 50 106 106 106 230
add_line 0 12 12 12 50 106 106 230
add_line 0 12 12 12 50 106 230
add_line 0 12 12 12 50 50 141 230
add_line 0 12 12 12 50 50 230
add_line 0 12 12 12 50 50 50 141 230
add_line 0 12 12 12 50 50 50 230
add_line 0 12 12 31 31 230
add_line 0 12 12 31 31 31 230
add_line 0 12 12 31 31 31 97 230
add_line 0 12 12 31 31 97 230
add_line 0 12 12 31 72 146 146 146 230
add_line 0 12 12 31 72 146 146 230
add_line 0 12 12 31 72 146 230
add_line 0 12 12 31 72 72 230
add_line 0 12 12 31 72 72 72 230
add_line 0 12 12 50 106 106 106 230
add_line 0 12 12 50 106 106 230
add_line 0 12 12 50 106 230
add_line 0 12 12 50 50 141 230
add_line 0 12 12 50 50 230
add_line 0 12 12 50 50 50 141 230
add_line 0 12 12 50 50 50 230
add_line 0 12 38 38 108 108 108 230
add_line 0 12 38 38 108 108 230
add_line 0 12 38 38 108 230
add_line 0 12 38 38 38 108 108 108 230
add_line 0 12 38 38 38 108 108 230
add_line 0 12 38 38 38 108 230
add_line 0 12 38 38 38 38 113 230
add_line 0 12 38 38 38 38 230
add_line 0 12 38 38 38 38 38 113 230
add_line 0 12 38 38 38 38 38 230
add_line 0 12 38 38 38 73 147 147 147 230
add_line 0 12 38 38 38 73 147 147 230
add_line 0 12 38 38 38 73 147 230
add_line 0 12 38 38 38 73 73 230
add_line 0 12 38 38 38 73 73 73 230
add_line 0 12 38 38 73 147 147 147 230
add_line 0 12 38 38 73 147 147 230
add_line 0 12 38 38 73 147 230
add_line 0 12 38 38 73 73 230
add_line 0 12 38 38 73 73 73 230
add_line 0 12 38 84 230
add_line 0 12 38 84 84 146 146 146 230
add_line 0 12 38 84 84 146 146 230
add_line 0 12 38 84 84 146 230
add_line 0 12 38 84 84 230
add_line 0 12 38 84 84 84 146 146 146 230
add_line 0 12 38 84 84 84 146 146 230
add_line 0 12 38 84 84 84 146 230
add_line 0 12 38 84 84 84 230
add_line 0 12 38 84 84 84 84 230
add_line 0 12 38 84 84 84 84 84 230
add_line 0 24 24 24 24 230
add_line 0 24 24 24 24 24 230
add_line 0 24 24 24 24 24 81 230
add_line 0 24 24 24 24 81 230
add_line 0 24 24 24 50 106 106 106 230
add_line 0 24 24 24 50 106 106 230
add_line 0 24 24 24 50 106 230
add_line 0 24 24 24 50 50 141 230
add_line 0 24 24 24 50 50 230
add_line 0 24 24 24 50 50 50 141 230
add_line 0 24 24 24 50 50 50 230
add_line 0 24 24 24 77 230
add_line 0 24 24 24 77 77 230
add_line 0 24 24 24 77 77 77 230
add_line 0 24 24 50 106 106 106 230
add_line 0 24 24 50 106 106 230
add_line 0 24 24 50 106 230
add_line 0 24 24 50 50 141 230
add_line 0 24 24 50 50 230
add_line 0 24 24 50 50 50 141 230
add_line 0 24 24 50 50 50 230
add_line 0 24 24 77 230
add_line 0 24 24 77 77 230
add_line 0 24 24 77 77 77 230
add_line 0 24 59 122 122 122 122 122 230
add_line 0 24 59 122 122 122 122 230
add_line 0 24 59 122 122 122 230
add_line 0 24 59 122 122 230
add_line 0 24 59 122 230
add_line 0 24 59 59 106 106 106 230
add_line 0 24 59 59 106 106 230
add_line 0 24 59 59 106 230
add_line 0 24 59 59 154 154 154 230
add_line 0 24 59 59 154 154 230
add_line 0 24 59 59 154 230
add_line 0 24 59 59 59 106 106 106 230
add_line 0 24 59 59 59 106 106 230
add_line 0 24 59 59 59 106 230
add_line 0 24 59 59 59 154 154 154 230
add_line 0 24 59 59 59 154 154 230
add_line 0 24 59 59 59 154 230
add_line 0 24 59 59 59 59 230
add_line 0 24 59 59 59 59 59 230
add_line 12 12 12 12 12 54 113 230
add_line 12 12 12 12 12 54 230
add_line 12 12 12 12 54 113 230
add_line 12 12 12 12 54 230
add_line 12 12 12 31 31 230
add_line 12 12 12 31 31 31 230
add_line 12 12 12 31 31 31 97 230
add_line 12 12 12 31 31 97 230
add_line 12 12 12 31 72 146 146 146 230
add_line 12 12 12 31 72 146 146 230
add_line 12 12 12 31 72 146 230
add_line 12 12 12 31 72 72 230
add_line 12 12 12 31 72 72 72 230
add_line 12 12 12 50 106 106 106 230
add_line 12 12 12 50 106 106 230
add_line 12 12 12 50 106 230
add_line 12 12 12 50 50 141 230
add_line 12 12 12 50 50 230
add_line 12 12 12 50 50 50 141 230
add_line 12 12 12 50 50 50 230
add_line 12 12 31 31 230
add_line 12 12 31 31 31 230
add_line 12 12 31 31 31 97 230
add_line 12 12 31 31 97 230
add_line 12 12 31 72 146 146 146 230
add_line 12 12 31 72 146 146 230
add_line 12 12 31 72 146 230
add_line 12 12 31 72 72 230
add_line 12 12 31 72 72 72 230
add_line 12 12 50 106 106 106 230
add_line 12 12 50 106 106 230
add_line 12 12 50 106 230
add_line 12 12 50 50 141 230
add_line 12 12 50 50 230
add_line 12 12 50 50 50 141 230
add_line 12 12 50 50 50 230
add_line 12 38 38 108 108 108 230
add_line 12 38 38 108 108 230
add_line 12 38 38 108 230
add_line 12 38 38 38 108 108 108 230
add_line 12 38 38 38 108 108 230
add_line 12 38 38 38 108 230
add_line 12 38 38 38 38 113 230
add_line 12 38 38 38 38 230
add_line 12 38 38 38 38 38 113 230
add_line 12 38 38 38 38 38 230
add_line 12 38 38 38 73 147 147 147 230
add_line 12 38 38 38 73 147 147 230
add_line 12 38 38 38 73 147 230
add_line 12 38 38 38 73 73 230
add_line 12 38 38 38 73 73 73 230
add_line 12 38 38 73 147 147 147 230
add_line 12 38 38 73 147 147 230
add_line 12 38 38 73 147 230
add_line 12 38 38 73 73 230
add_line 12 38 38 73 73 73 230
add_line 12 38 84 230
add_line 12 38 84 84 146 146 146 230
add_line 12 38 84 84 146 146 230
add_line 12 38 84 84 146 230
add_line 12 38 84 84 230
add_line 12 38 84 84 84 146 146 146 230
add_line 12 38 84 84 84 146 146 230
add_line 12 38 84 84 84 146 230
add_line 12 38 84 84 84 230
add_line 12 38 84 84 84 84 230
add_line 12 38 84 84 84 84 84 230
add_line 24 24 24 24 230
add_line 24 24 24 24 24 230
add_line 24 24 24 24 24 81 230
add_line 24 24 24 24 81 230
add_line 24 24 24 50 106 106 106 230
add_line 24 24 24 50 106 106 230
add_line 24 24 24 50 106 230
add_line 24 24 24 50 50 141 230
add_line 24 24 24 50 50 230
add_line 24 24 24 50 50 50 141 230
add_line 24 24 24 50 50 50 230
add_line 24 24 24 77 230
add_line 24 24 24 77 77 230
add_line 24 24 24 77 77 77 230
add_line 24 24 50 106 106 106 230
add_line 24 24 50 106 106 230
add_line 24 24 50 106 230
add_line 24 24 50 50 141 230
add_line 24 24 50 50 230
add_line 24 24 50 50 50 141 230
add_line 24 24 50 50 50 230
add_line 24 24 77 230
add_line 24 24 77 77 230
add_line 24 24 77 77 77 230
add_line 24 59 122 122 122 122 122 230
add_line 24 59 122 122 122 122 230
add_line 24 59 122 122 122 230
add_line 24 59 122 122 230
add_line 24 59 122 230
add_line 24 59 59 106 106 106 230
add_line 24 59 59 106 106 230
add_line 24 59 59 106 230
add_line 24 59 59 154 154 154 230
add_line 24 59 59 154 154 230
add_line 24 59 59 154 230
add_line 24 59 59 59 106 106 106 230
add_line 24 59 59 59 106 106 230
add_line 24 59 59 59 106 230
add_line 24 59 59 59 154 154 154 230
add_line 24 59 59 59 154 154 230
add_line 24 59 59 59 154 230
add_line 24 59 59 59 59 230
add_line 24 59 59 59 59 59 230
build_tree 
